77,5571,岳阳县,1701,430,1701,
77,5572,临湘市,1702,430,1702,
77,5573,华容县,1703,430,1703,
77,5574,湘阴县,1704,430,1704,
77,5575,平江县,1705,430,1705,
77,5581,安乡县,1706,430,1706,
77,5582,汉寿县,1707,430,1707,
77,5583,澧县,1708,430,1708,
77,5584,临澧县,1709,430,1709,
77,5585,桃源县,1710,430,1710,
77,5379,监利县,1712,420,1712,
77,5381,钟祥市,1713,420,1713,
77,5382,京山县,1714,420,1714,
77,5383,沙洋县,1715,420,1715,
77,5391,丹江口,1716,420,1716,
77,5392,郧县,1717,420,1717,
77,5393,郧西县,1718,420,1718,
77,5394,竹山县,1719,420,1719,
77,5395,竹溪县,1720,420,1720,
77,5396,房县,1721,420,1721,
77,5410,恩施市,1722,420,1722,
77,5632,资兴市,1723,430,1723,
77,5634,桂阳县,1725,430,1725,
77,5635,永兴县,1726,430,1726,
77,5636,宜章县,1727,430,1727,
77,5637,嘉禾,1728,430,1728,
77,5638,临武,1729,430,1729,
77,5639,汝城县,1730,430,1730,
77,5641,桂东县,1731,430,1731,
77,5642,安仁县,1732,430,1732,
77,5654,道县,1733,430,1733,
77,5655,宁远县,1734,430,1734,
77,5656,江永县,1735,430,1735,
77,5657,江华县,1737,430,1737,
77,5658,蓝山县,1738,430,1738,
77,5661,双牌县,1739,430,1739,
77,5662,祁阳县,1740,430,1740,
77,5672,洪江市,1741,430,1741,
77,5674,沅陵县,1742,430,1742,
77,5675,辰溪县,1743,430,1743,
77,5677,麻阳县,1744,430,1744,
77,5678,新晃县,1745,430,1745,
77,5679,芷江县,1746,430,1746,
77,5681,会同县,1747,430,1747,
77,5682,靖州县,1749,430,1749,
77,5683,通道县,1750,430,1750,
77,5692,泸溪县,1751,430,1751,
77,5693,风凰县,1752,430,1752,
77,5694,花垣县,1753,430,1753,
77,5695,保靖县,1754,430,1754,
77,5696,古丈县,1755,430,1755,
77,5697,永顺县,1756,430,1756,
77,5698,龙山县,1757,430,1757,
77,5821,曲江县,1758,440,1758,
77,5823,南雄市,1759,440,1759,
77,4567,龙口市,1418,370,1418,
77,4568,莱阳市,1419,370,1419,
77,4569,莱州市,1420,370,1420,
77,4580,潍坊市,1421,370,1421,
77,4581,安丘市,1422,370,1422,
77,4582,寿光市,1423,370,1423,
77,4583,临朐县,1424,370,1424,
77,4584,昌乐县,1425,370,1425,
77,4585,昌邑市,1426,370,1426,
77,4586,高密市,1428,370,1428,
77,4343,婺源县,1429,360,1429,
77,4350,吉安市,1431,360,1431,
77,4352,井冈山,1432,360,1432,
77,4353,吉安县,1433,360,1433,
77,4356,新干县,1434,360,1434,
77,4357,永丰县,1436,360,1436,
77,4358,泰和县,1437,360,1437,
77,4359,遂川县,1438,360,1438,
77,4361,万安县,1439,360,1439,
77,4362,安福县,1440,360,1440,
77,4363,永新县,1441,360,1441,
77,4619,曲阜市,1442,370,1442,
77,4631,宁阳县,1444,370,1444,
77,4632,肥城市,1446,370,1446,
77,4633,东平县,1447,370,1447,
77,4634,莱芜市,1448,370,1448,
77,4635,新泰市,1449,370,1449,
77,4651,乳山市,1450,370,1450,
77,4652,文登市,1451,370,1451,
77,4662,惠民县,1452,370,1452,
77,4663,阳信县,1453,370,1453,
77,4664,无棣县,1455,370,1455,
77,4665,沾化县,1456,370,1456,
77,4666,博兴县,1457,370,1457,
77,4667,邹平县,1458,370,1458,
77,4682,乐陵市,1459,370,1459,
77,4683,陵县,1460,370,1460,
77,4684,平原县,1461,370,1461,
77,4685,夏津县,1462,370,1462,
77,4686,武城县,1463,370,1463,
77,4687,齐河县,1464,370,1464,
77,4688,禹城市,1465,370,1465,
77,4689,临邑县,1466,370,1466,
77,4693,宁津县,1468,370,1468,

77,4694,庆云县,1469,370,1469,

77,4712,临清市,1470,370,1470,

77,4713,阳谷县,1471,370,1471,

77,4714,莘县,1472,370,1472,

77,4715,茌平县,1473,370,1473,

77,4716,东阿县,1474,370,1474,

77,4717,冠县,1475,370,1475,

77,4718,高唐县,1476,370,1476,

77,4730,临沂市,1477,370,1477,

77,4733,郯城县,1478,370,1478,

77,4734,苍山县,1479,370,1479,

77,4735,莒南县,1481,370,1481,

77,4736,莒县,1482,370,1482,

77,4737,沂水县,1483,370,1483,

77,4739,蒙阴县,1484,370,1484,

77,4741,平邑县,1485,370,1485,

77,4742,费县,1486,370,1486,

77,4587,五莲县,1487,370,1487,

77,4588,青州市,1488,370,1488,

77,4589,诸城市,1489,370,1489,

77,4610,济宁市,1490,370,1490,

77,4611,兖州市,1491,370,1491,

77,4612,邹城市,1493,370,1493,

77,4613,微山县,1494,370,1494,

77,4614,鱼台县,1495,370,1495,

77,4615,金乡县,1496,370,1496,

77,4616,嘉祥县,1497,370,1497,

77,4618,泗水县,1498,370,1498,

77,4761,东明县,1499,370,1499,

77,4921,杞县,1500,410,1500,

77,4922,通许县,1501,410,1501,

77,4923,尉氏县,1502,410,1502,

77,4924,开封县,1503,410,1503,

77,4925,兰考县,1504,410,1504,

77,4931,偃师市,1506,410,1506,

77,4932,孟津县,1507,410,1507,

77,4933,新安县,1508,410,1508,

77,4934,栾川县,1509,410,1509,

77,4935,嵩县,1510,410,1510,

77,4936,汝阳县,1511,410,1511,

77,4937,宜阳县,1512,410,1512,

77,4938,洛宁县,1513,410,1513,

77,4939,伊川县,1514,410,1514,

77,4951,宝丰县,1515,410,1515,

77,4952,叶县,1516,410,1516,

77,4953,鲁山县,1518,410,1518,

77,4270,鹰潭市,1338,360,1338,

77,4271,贵溪市,1339,360,1339,

77,4272,余江县,1341,360,1341,

77,4282,赣县,1342,360,1342,

77,4283,南康市,1343,360,1343,

77,4284,信丰县,1344,360,1344,

77,4285,大余县,1345,360,1345,

77,4286,上犹县,1346,360,1346,

77,4288,安远县,1347,360,1347,

77,4289,龙南县,1348,360,1348,

77,4293,宁都县,1349,360,1349,

77,4294,于都县,1350,360,1350,

77,4295,兴国县,1351,360,1351,

77,4296,瑞金市,1353,360,1353,

77,4299,石城县,1354,360,1354,

77,4312,丰城市,1355,360,1355,

77,4314,高安市,1356,360,1356,

77,4315,奉新县,1357,360,1357,

77,4316,万载县,1358,360,1358,

77,4317,上高县,1359,360,1359,

77,4318,宜丰县,1360,360,1360,

77,4321,铜鼓县,1361,360,1361,

77,4332,上饶县,1362,360,1362,

77,4333,广丰县,1363,360,1363,

77,4334,玉山县,1364,360,1364,

77,4335,铅山县,1366,360,1366,

77,4336,横峰县,1367,360,1367,

77,4337,弋阳县,1368,360,1368,

77,4338,余干县,1369,360,1369,

77,4339,波阳县,1370,360,1370,

77,4341,万年县,1371,360,1371,

77,4342,德兴市,1372,360,1372,

77,4056,漳平市,1373,350,1373,

77,4057,连城县,1374,350,1374,

77,4220,景德镇市,1375,360,1375,

77,4221,乐平市,1376,360,1376,

77,4222,浮梁县,1378,360,1378,

77,4231,萍乡市上栗县,1379,360,1379,

77,4232,芦溪,1380,360,1380,

77,4241,九江县,1381,360,1381,

77,4242,瑞昌市,1382,360,1382,

77,4243,武宁县,1383,360,1383,

77,4244,修水县,1384,360,1384,

77,4364,莲花县,1385,360,1385,

77,4372,南城县,1386,360,1386,

77,4373,黎川县,1387,360,1387,

77,4374,南丰县,1388,360,1388,

77,4375,崇仁县,1390,360,1390,

77,4376,乐安县,1391,360,1391,

77,4377,宜黄县,1392,360,1392,

77,4378,金溪县,1393,360,1393,

77,4379,资溪县,1394,360,1394,

77,4381,东乡县,1395,360,1395,

77,4382,广昌县,1396,360,1396,

77,4521,即墨市,1397,370,1397,

77,4522,胶南市,1398,370,1398,

77,4523,莱西市,1399,370,1399,

77,4524,平度市,1400,370,1400,

77,4525,胶州市,1401,370,1401,

77,4530,淄博市,1403,370,1403,

77,4531,桓台县,1404,370,1404,

77,4535,高青县,1405,370,1405,

77,4536,沂源县,1406,370,1406,

77,4541,滕州市,1407,370,1407,

77,4550,东营市,1408,370,1408,

77,4551,垦利县,1409,370,1409,

77,4552,利津县,1410,370,1410,

77,4553,广饶县,1411,370,1411,

77,4561,蓬莱市,1412,370,1412,

77,4562,招远市,1413,370,1413,

77,4563,栖霞市,1415,370,1415,

77,4564,海阳市,1416,370,1416,

77,4566,长岛县,1417,370,1417,

77,2764,海伦市,1080,230,1080,

77,2765,望奎县,1081,230,1081,

77,2766,兰西县,1082,230,1082,

77,2767,青冈县,1083,230,1083,

77,2768,肇源县,1084,230,1084,

77,2769,肇州县,1085,230,1085,

77,2771,庆安县,1086,230,1086,

77,2772,明水县,1088,230,1088,

77,2773,绥棱县,1089,230,1089,

77,2782,北安市,1090,230,1090,

77,2783,沾河,1091,230,1091,

77,2784,嫩江县,1092,230,1092,

77,2649,克山县,1093,230,1093,

77,2650,大庆市,1094,230,1094,

77,2651,克东县,1095,230,1095,

77,2652,拜泉县,1096,230,1096,

77,2660,鸡西市,1097,230,1097,

77,2661,鸡东县,1098,230,1098,

77,2670,鹤岗市,1099,230,1099,

77,2671,宝泉岭,1101,230,1101,

77,2672,绥滨县,1102,230,1102,

77,2680,哈尔滨市双鸭山,1103,230,1103,

77,2681,集贤县,1104,230,1104,

77,3073,灌云县,1105,320,1105,

77,3082,灌南县,1106,320,1106,

77,3083,沭阳县,1107,320,1107,

77,3085,涟水县,1108,320,1108,

77,3086,泗洪县,1109,320,1109,

77,3087,洪泽县,1110,320,1110,

77,3088,盱眙县,1111,320,1111,

77,3089,金湖县,1113,320,1113,

77,3093,泗阳县,1114,320,1114,

77,3111,响水县,1115,320,1115,

77,3112,滨海县,1116,320,1116,

77,3113,阜宁县,1117,320,1117,

77,3114,射阳县,1118,320,1118,

77,3115,建湖县,1119,320,1119,

77,3116,大丰市,1120,320,1120,

77,3117,东台市,1121,320,1121,

77,3121,高邮市,1122,320,1122,

77,3122,宝应县,1123,320,1123,

77,3123,靖江市,1125,320,1125,

77,3124,泰兴市,1126,320,1126,

77,3125,江都市,1127,320,1127,

77,3129,仪征市,1128,320,1128,

77,3131,兴化市,1129,320,1129,

77,3132,姜堰市,1130,320,1130,

77,3141,丹阳市,1131,320,1131,

77,3142,句容市,1132,320,1132,

77,3143,扬中市,1133,320,1133,

77,3321,象山县,1134,330,1134,

77,3322,宁海县,1135,330,1135,

77,3324,余姚,1136,330,1136,

77,3325,慈溪市,1138,330,1138,

77,3326,奉化市,1139,330,1139,

77,3332,洞头县,1140,330,1140,

77,3333,乐清市,1141,330,1141,

77,3334,永嘉县,1142,330,1142,

77,3335,平阳县,1143,330,1143,

77,3336,苍南县,1144,330,1144,

77,3337,文成县,1145,330,1145,

77,3338,泰顺县,1146,330,1146,

77,3339,瑞安市,1147,330,1147,

77,2786,逊克县,1148,230,1148,

77,2787,孙吴县,1150,230,1150,

77,2790,大兴安岭地区,1151,230,1151,

77,2791,呼玛县,1152,230,1152,

77,2792,塔河县,1153,230,1153,

77,2793,漠河县,1154,230,1154,

77,3033,铜山县,1155,320,1155,

77,3042,金坛市,1156,320,1156,

77,3043,溧阳市,1157,320,1157,

77,3071,赣榆县,1158,320,1158,

77,3072,东海县,1159,320,1159,

77,3374,新昌县,1160,330,1160,

77,3375,诸暨市,1162,330,1162,

77,3382,永康市,1163,330,1163,

77,3383,武义县,1164,330,1164,

77,3384,浦江县,1165,330,1165,

77,3385,磐安县,1166,330,1166,

77,3386,兰溪市,1167,330,1167,

77,3387,义乌市,1168,330,1168,

77,3388,东阳市,1169,330,1169,

77,3412,常山县,1170,330,1170,

77,3413,开化县,1171,330,1171,

77,3414,龙游县,1172,330,1172,

77,3415,江山市,1173,330,1173,

77,3421,岱山县,1175,330,1175,

77,3422,嵊泗县,1176,330,1176,

77,3432,青田县,1177,330,1177,

77,3433,云和县,1178,330,1178,

77,3434,庆元县,1179,330,1179,

77,3435,缙云县,1180,330,1180,

77,3436,遂昌县,1181,330,1181,

77,3437,松阳县,1182,330,1182,

77,3438,景宁,1183,330,1183,

77,3439,龙泉市,1184,330,1184,

77,3452,临海市,1185,330,1185,

77,3454,温岭市,1187,330,1187,

77,3455,仙居县,1188,330,1188,

77,3456,天台县,1189,330,1189,

77,3457,三门县,1190,330,1190,

77,3458,玉环县,1191,330,1191,

77,3621,芜湖县,1192,340,1192,

77,3622,繁昌县,1193,340,1193,

77,3623,南陵县,1194,340,1194,

77,3631,怀远县,1195,340,1195,

77,3632,五河县,1196,340,1196,

77,3633,固镇县,1197,340,1197,

77,3641,凤台县,1199,340,1199,

77,3651,当涂县,1200,340,1200,

77,3661,濉溪县,1201,340,1201,

77,3671,铜陵县,1202,340,1202,

77,3681,桐城市,1203,340,1203,

77,3351,嘉善县,1204,330,1204,

77,3352,平湖市,1205,330,1205,

77,3353,海盐县,1206,330,1206,

77,3354,桐乡市,1207,330,1207,

77,3355,海宁市,1208,330,1208,

77,3361,德清县,1209,330,1209,

77,3362,长兴县,1210,330,1210,

77,3363,安吉县,1212,330,1212,

77,3371,绍兴县,1213,330,1213,

77,3372,上虞市,1214,330,1214,

77,3373,嵊州市,1215,330,1215,

77,3724,临泉县,1216,340,1216,

77,3725,太和县,1217,340,1217,

77,3726,涡阳县,1218,340,1218,

77,3727,蒙城县,1219,340,1219,

77,3728,阜南县,1220,340,1220,

77,3729,颍上县,1221,340,1221,

77,3731,界首市,1222,340,1222,

77,3732,利辛县,1224,340,1224,

77,3742,砀山县,1225,340,1225,

77,3743,萧县,1226,340,1226,

77,3745,灵璧县,1227,340,1227,

77,3746,泗县,1228,340,1228,

77,3752,天长市,1229,340,1229,

77,3753,来安县,1230,340,1230,

77,3754,全椒县,1231,340,1231,

77,3755,定远县,1232,340,1232,

77,3756,凤阳县,1233,340,1233,

77,3757,明光市,1234,340,1234,

77,3763,寿县,1236,340,1236,

77,3764,霍邱县,1237,340,1237,

77,3765,舒城县,1238,340,1238,

77,3766,金寨县,1239,340,1239,

77,3767,霍山县,1240,340,1240,

77,3771,宣城市,1241,340,1241,

77,3772,郎溪县,1242,340,1242,

77,3773,广德县,1243,340,1243,

77,3774,宁国市,1245,340,1245,

77,3775,泾县,1246,340,1246,

77,3776,旌德县,1247,340,1247,

77,1985,突泉县,916,150,916,

77,1986,阿尔山,917,150,917,

77,1992,霍林河,918,150,918,

77,1993,科尔沁左翼中旗,919,150,919,

77,1994,科尔沁左翼后旗,920,150,920,

77,1995,开鲁县,921,150,921,

77,1996,库伦旗,922,150,922,

77,1997,奈曼旗,923,150,923,

77,1998,通辽市扎鲁特旗,924,150,924,

77,2011,二连浩特市,925,150,925,

77,2013,阿巴嘎,926,150,926,

77,1787,隰县,927,140,927,

77,1788,汾西县,928,140,928,

77,1810,运城市,930,140,930,

77,1812,永济市,931,140,931,

77,1813,芮城县,932,140,932,

77,1814,临猗县,933,140,933,

77,1815,万荣县,934,140,934,

77,1816,新绛县,935,140,935,

77,1817,稷山县,936,140,936,

77,1818,河津市,937,140,937,

77,1819,闻喜县,938,140,938,

77,2037,商都县,939,150,939,

77,2038,兴和县,940,150,940,

77,2039,丰镇市,942,150,942,

77,2041,凉城县,943,150,943,

77,2042,察哈尔右翼前旗,944,150,944,

77,2043,察哈尔右翼中旗,945,150,945,

77,2044,察哈尔右翼后旗,946,150,946,

77,2045,达尔罕茂明安联合旗,947,150,947,

77,2046,四子王,948,150,948,

77,2050,东胜区,949,150,949,

77,2052,达拉特旗,950,150,950,

77,2053,准格尔,951,150,951,

77,2054,鄂尔多斯市鄂托克前旗,952,150,952,

77,2055,鄂旗,954,150,954,

77,2056,杭锦旗,955,150,955,

77,2057,乌审旗,956,150,956,

77,2058,东胜煤田,957,150,957,

77,2072,五原县,958,150,958,

77,2073,磴口县,959,150,959,

77,2074,巴彦淖尔市乌拉特前旗,960,150,960,

77,2075,巴彦淖尔市乌拉特中旗,961,150,961,

77,2076,巴彦淖尔市乌拉特后旗,962,150,962,

77,2077,巴彦淖尔市杭锦后旗,963,150,963,

77,2082,阿拉善盟阿拉善右旗,964,150,964,

77,2083,阿拉善盟额济纳,966,150,966,

77,2222,普兰店市,967,210,967,

77,2223,庄河市,968,210,968,

77,2224,大连瓦房店市,969,210,969,

77,2225,长海县,970,210,970,

77,2232,海城市,971,210,971,

77,2241,抚顺县,972,210,972,

77,2242,新宾县,973,210,973,

77,2243,喀左县,974,210,974,

77,2251,本溪满族自治县,975,210,975,

77,2252,本溪市桓仁,976,210,976,

77,2261,凤城市,978,210,978,

77,2262,大石桥市,979,210,979,

77,2263,东港市,980,210,980,

77,2264,宽甸县,981,210,981,

77,2265,岫岩县,982,210,982,

77,2014,苏尼特左旗,983,150,983,

77,2015,苏尼特右旗,984,150,984,

77,2016,乌拉盖,985,150,985,

77,2017,西乌珠穆沁旗,986,150,986,

77,2018,太仆寺,987,150,987,

77,2019,镶黄旗,988,150,988,

77,2021,锡林郭勒盟正镶白旗,990,150,990,

77,2022,正蓝旗,991,150,991,

77,2023,多伦县,992,150,992,

77,2035,卓资县,993,150,993,

77,2036,化德县,994,150,994,

77,2322,盘山县,995,210,995,

77,2336,铁岭市调兵山,996,210,996,

77,2337,开原市,997,210,997,

77,2342,建平县,998,210,998,

77,2343,凌源市,999,210,999,

77,2344,清原县,1000,210,1000,

77,2346,北票市,1001,210,1001,

77,2421,永吉县,1002,220,1002,

77,2422,临江市,1004,220,1004,

77,2425,桦甸市,1005,220,1005,

77,2426,舒兰市,1006,220,1006,

77,2431,梨树县,1007,220,1007,

77,2441,东丰县,1008,220,1008,

77,2442,东辽县,1009,220,1009,

77,2451,通化县,1010,220,1010,

77,2452,辉南县,1011,220,1011,

77,2453,柳河县,1012,220,1012,

77,2454,梅河口,1013,220,1013,

77,2455,集安市,1014,220,1014,

77,2461,抚松县,1016,220,1016,

77,2462,靖宇县,1017,220,1017,

77,2463,长白县,1018,220,1018,

77,2464,江源县,1019,220,1019,

77,2474,大安市,1020,220,1020,

77,2475,长岭县,1021,220,1021,

77,2476,前郭县,1022,220,1022,

77,2477,镇赉县,1023,220,1023,

77,2478,通榆县,1024,220,1024,

77,2479,乾安县,1025,220,1025,

77,2496,和龙市,1026,220,1026,

77,2497,汪清县,1028,220,1028,

77,2640,齐齐哈尔市,1029,230,1029,

77,2641,龙江县,1030,230,1030,

77,2642,讷河市,1031,230,1031,

77,2643,依安县,1032,230,1032,

77,2644,泰来县,1033,230,1033,

77,2645,甘南县,1034,230,1034,

77,2646,杜蒙县,1035,230,1035,

77,2647,富裕县,1036,230,1036,

77,2648,林甸县,1037,230,1037,

77,2271,绥中县,1038,210,1038,

77,2272,凌海市,1040,210,1040,

77,2273,北宁市,1041,210,1041,

77,2274,黑山县,1042,210,1042,

77,2277,兴城市,1043,210,1043,

77,2280,营口市,1044,210,1044,

77,2282,盖州市,1045,210,1045,

77,2292,彰武县,1046,210,1046,

77,2311,辽阳县,1047,210,1047,

77,2312,灯塔市,1048,210,1048,

77,2321,大洼县,1049,210,1049,

77,2690,汤原县,1050,230,1050,

77,2710,铁力市,1051,230,1051,

77,2711,嘉荫县,1053,230,1053,

77,2712,铁力市,1054,230,1054,

77,2720,牡丹江市,1055,230,1055,

77,2721,桦南县,1056,230,1056,

77,2723,桦川县,1057,230,1057,

77,2724,宝清县,1058,230,1058,

77,2725,汤原县,1059,230,1059,

77,2726,饶河县,1060,230,1060,

77,2727,抚远县,1061,230,1061,

77,2728,红兴隆,1062,230,1062,

77,2729,同江市,1063,230,1063,

77,2731,富锦市,1065,230,1065,

77,2740,七台河,1066,230,1066,

77,2741,勃利县,1067,230,1067,

77,2751,宁安市,1068,230,1068,

77,2752,海林市,1069,230,1069,

77,2753,穆棱市,1070,230,1070,

77,2754,东宁县,1071,230,1071,

77,2755,林口县,1072,230,1072,

77,2756,虎林市,1073,230,1073,

77,2757,绥芬河市,1074,230,1074,

77,2758,密山市,1075,230,1075,

77,2760,肇东市,1077,230,1077,

77,2762,安达市,1078,230,1078,

77,2763,肇东市,1079,230,1079,

77,4292,全南县,415,360,415,

77,4297,会昌县,416,360,416,

76,710,台湾省,31,,31,

76,810,香港特别行政区,32,,32,

76,820,澳门特别行政区,33,,33,

77,1000,北京市,254,110,254,

77,1100,天津市,255,120,255,

77,1210,石家庄,256,130,256,

77,1246,迁安市,257,130,257,

77,1251,唐海县,258,130,258,

77,1270,邯郸市,259,130,259,

77,1282,魏县,260,130,260,

77,1283,曲周县,261,130,261,

77,1285,鸡泽县,262,130,262,

77,1295,武安市,263,130,263,

77,1352,涿州市,264,130,264,

77,1363,安新县,265,130,265,

77,1371,博野县,266,130,266,

77,1380,张家口市,267,130,267,

77,1410,承德市,268,130,268,

77,1430,沧州市,269,130,269,

77,1441,泊头市,270,130,270,

77,1446,吴桥县,271,130,271,

77,1451,黄骅市,272,130,272,

77,1452,孟村县,273,130,273,

77,1453,海兴县,274,130,274,

77,1460,廊坊市,275,130,275,

77,1480,衡水市,276,130,276,

77,1610,太原市,277,140,277,

77,1611,清徐县,278,140,278,

77,1612,阳曲县,279,140,279,

77,1613,娄烦县,280,140,280,

77,1614,古交市,281,140,281,

77,1620,大同市,282,140,282,

77,1630,阳泉市,283,140,283,

77,1640,长治市,284,140,284,

77,1680,晋城市,285,140,285,

77,1716,繁峙县,286,140,286,

77,1718,静乐县,287,140,287,

77,1724,保德县,288,140,288,

77,2210,沈阳市,289,210,289,

77,2220,大连市,290,210,290,

77,2230,鞍山市,291,210,291,

77,2231,台安县,292,210,292,

77,2240,抚顺市,293,210,293,

77,2250,本溪市,294,210,294,

77,2260,丹东市,295,210,295,

77,2270,锦州市,296,210,296,

77,2275,义县,297,210,297,

77,2276,葫芦岛市,299,210,299,

77,2290,阜新市,300,210,300,

77,4954,郏县,1519,410,1519,

77,4955,襄城县,1520,410,1520,

77,4956,汝州市,1521,410,1521,

77,4961,林州市,1522,410,1522,

77,4962,安阳县,1523,410,1523,

77,4964,滑县,1524,410,1524,

77,4971,浚县,1525,410,1525,

77,4972,淇县,1526,410,1526,

77,4981,新乡县,1527,410,1527,

77,4982,获嘉县,1528,410,1528,

77,4983,原阳县,1530,410,1530,

77,4985,封丘县,1531,410,1531,

77,4986,长垣县,1532,410,1532,

77,4988,辉县市,1533,410,1533,

77,5011,修武县,1534,410,1534,

77,5012,博爱县,1535,410,1535,

77,5013,武陟县,1536,410,1536,

77,5014,沁阳市,1537,410,1537,

77,5015,温县,1538,410,1538,

77,5016,孟州市,1539,410,1539,

77,5021,清丰县,1540,410,1540,

77,5022,南乐县,1541,410,1541,

77,4743,沂南县,1543,370,1543,

77,4744,临沭县,1544,370,1544,

77,4750,菏泽市,1545,370,1545,

77,4752,曹县,1546,370,1546,

77,4753,定陶县,1547,370,1547,

77,4754,成武县,1548,370,1548,

77,4755,单县,1549,370,1549,

77,4756,巨野县,1550,370,1550,

77,4757,梁山县,1551,370,1551,

77,4758,郓城县,1552,370,1552,

77,4759,鄄城县,1553,370,1553,

77,5051,渑池县,1555,410,1555,

77,5052,陕县,1556,410,1556,

77,5053,灵宝市,1557,410,1557,

77,5054,卢氏县,1558,410,1558,

77,5055,义马市,1559,410,1559,

77,5062,虞城县,1560,410,1560,

77,5064,民权县,1561,410,1561,

77,5065,宁陵县,1562,410,1562,

77,5066,睢县,1563,410,1563,

77,5067,夏邑县,1564,410,1564,

77,5068,柘城县,1565,410,1565,

77,5069,永城市,1567,410,1567,

77,5082,扶沟县,1568,410,1568,

77,5083,黄泛区,1569,410,1569,

77,5084,商水县,1570,410,1570,

77,5085,太康县,1571,410,1571,

77,5086,鹿邑县,1572,410,1572,

77,5087,郸城县,1573,410,1573,

77,5088,淮阳县,1574,410,1574,

77,5089,沈丘县,1575,410,1575,

77,5091,项城市,1576,410,1576,

77,5112,确山县,1577,410,1577,

77,5113,泌阳县,1578,410,1578,

77,5114,遂平县,1580,410,1580,

77,5115,西平县,1581,410,1581,

77,5116,上蔡县,1582,410,1582,

77,5117,汝南县,1583,410,1583,

77,5118,平舆县,1584,410,1584,

77,5119,新蔡县,1585,410,1585,

77,5121,正阳县,1586,410,1586,

77,5132,邓州市,1587,410,1587,

77,5133,南召县,1588,410,1588,

77,3777,绩溪县,1249,340,1249,

77,3781,巢湖路,1250,340,1250,

77,3782,庐江县,1251,340,1251,

77,3783,无为县,1253,340,1253,

77,3784,含山县,1254,340,1254,

77,3785,和县,1255,340,1255,

77,3792,东至县,1256,340,1256,

77,3793,石台县,1257,340,1257,

77,3794,青阳县,1258,340,1258,

77,3940,莆田市,1259,350,1259,

77,3941,莆田县,1260,350,1260,

77,3682,怀宁县,1263,340,1263,

77,3683,枞阳县,1264,340,1264,

77,3684,潜山县,1265,340,1265,

77,3686,宿松县,1266,340,1266,

77,3687,望江县,1267,340,1267,

77,3688,岳西县,1268,340,1268,

77,3710,黄山市,1269,340,1269,

77,3711,歙县,1270,340,1270,

77,3712,休宁县,1271,340,1271,

77,3713,歙县,1272,340,1272,

77,3714,祁门县,1273,340,1273,

77,3970,泉州市,1274,350,1274,

77,3971,惠安县,1275,350,1275,

77,3972,晋江市,1276,350,1276,

77,3973,南安市,1277,350,1277,

77,3974,安溪县,1279,350,1279,

77,3975,永春县,1280,350,1280,

77,3976,德化县,1281,350,1281,

77,3978,石狮市,1282,350,1282,

77,3991,龙海市,1283,350,1283,

77,3992,云霄县,1284,350,1284,

77,3993,漳浦县,1285,350,1285,

77,3994,诏安县,1286,350,1286,

77,3995,长泰县,1287,350,1287,

77,3996,东山县,1288,350,1288,

77,3997,南靖县,1289,350,1289,

77,3998,平和县,1291,350,1291,

77,3999,华安县,1292,350,1292,

77,4012,邵武市,1293,350,1293,

77,4013,顺昌县,1294,350,1294,

77,4014,建阳市,1295,350,1295,

77,4015,建瓯市,1296,350,1296,

77,4016,浦城县,1297,350,1297,

77,4018,光泽县,1298,350,1298,

77,4019,松溪县,1299,350,1299,

77,4021,政和县,1300,350,1300,

77,4022,武夷山,1301,350,1301,

77,4030,宁德市,1302,350,1302,

77,4032,福鼎市,1304,350,1304,

77,4033,霞浦县,1305,350,1305,

77,4034,福安市,1306,350,1306,

77,4035,古田县,1307,350,1307,

77,4036,屏南县,1308,350,1308,

77,4037,寿宁县,1309,350,1309,

77,4038,周宁县,1310,350,1310,

77,4039,柘荣县,1311,350,1311,

77,4050,龙岩,1312,350,1312,

77,4052,长汀县,1313,350,1313,

77,4053,永定县,1314,350,1314,

77,4054,上杭县,1316,350,1316,

77,4055,武平县,1317,350,1317,

77,3942,仙游县,1318,350,1318,

77,3951,明溪县,1319,350,1319,

77,3952,清流县,1320,350,1320,

77,3953,宁化县,1321,350,1321,

77,3954,大田县,1322,350,1322,

77,3955,尤溪县,1323,350,1323,

77,3956,沙县,1324,350,1324,

77,3957,将乐县,1325,350,1325,

77,3958,泰宁县,1326,350,1326,

77,3959,建宁县,1327,350,1327,

77,3960,永安市,1329,350,1329,

77,4245,永修县,1330,360,1330,

77,4246,德安县,1331,360,1331,

77,4247,星子县,1332,360,1332,

77,4248,都昌县,1333,360,1333,

77,4249,湖口县,1334,360,1334,

77,4251,彭泽县,1335,360,1335,

77,4260,新余市,1336,360,1336,

77,4261,分宜县,1337,360,1337,

77,6761,大竹县,2059,510,2059,

77,6762,渠县县,2060,510,2060,

77,6763,邻水县,2061,510,2061,

77,7055,思南县,2063,520,2063,

77,7056,印江土家族苗族自治县,2064,520,2064,

77,7057,德江县,2065,520,2065,

77,7058,沿河县,2066,520,2066,

77,7059,松桃苗族自治县,2067,520,2067,

77,7061,万山特区,2068,520,2068,

77,7072,兴仁县,2069,520,2069,

77,7073,普安县,2070,520,2070,

77,7074,晴隆县,2071,520,2071,

77,7075,贞丰县,2072,520,2072,

77,7076,望谟县,2073,520,2073,

77,7077,册亨县,2075,520,2075,

77,7078,安龙县,2076,520,2076,

77,7090,毕节市,2077,520,2077,

77,7092,大方县,2078,520,2078,

77,7093,黔西县,2079,520,2079,

77,7094,金沙县,2080,520,2080,

77,7095,织金县,2081,520,2081,

77,7096,纳雍县,2082,520,2082,

77,7097,威宁县,2083,520,2083,

77,7098,赫章县,2084,520,2084,

77,7110,安顺,2085,520,2085,

77,7117,平坝县,2087,520,2087,

77,7118,普定县,2088,520,2088,

77,7119,关岭县,2089,520,2089,

77,7121,镇宁县,2090,520,2090,

77,7122,紫云苗族布依族自治县,2091,520,2091,

77,7132,黄平县,2092,520,2092,

77,7133,施秉县,2093,520,2093,

77,7134,三穗县,2094,520,2094,

77,7135,镇远县,2095,520,2095,

77,7136,岑巩县,2096,520,2096,

77,5824,仁化县,1760,440,1760,

77,5860,汕头市,1762,440,1762,

77,5861,澄海,1763,440,1763,

77,5864,潮阳,1764,440,1764,

77,5866,揭西县,1765,440,1765,

77,5867,普宁市,1766,440,1766,

77,5586,石门县,1767,430,1767,

77,5587,津市市,1768,430,1768,

77,5612,沅江市,1769,430,1769,

77,5614,南县,1770,430,1770,

77,5615,桃江县,1771,430,1771,

77,5616,安化县,1772,430,1772,

77,5622,冷水江,1774,430,1774,

77,5623,连源市,1775,430,1775,

77,5624,双峰县,1776,430,1776,

77,5625,新化县,1777,430,1777,

77,5630,郴州市,1778,430,1778,

77,5915,徐闻县,1779,440,1779,

77,5921,信宜市,1780,440,1780,

77,5922,高州市,1781,440,1781,

77,5923,电白县,1782,440,1782,

77,5924,化州市,1783,440,1783,

77,5931,高要市,1784,440,1784,

77,5932,四会市,1786,440,1786,

77,5933,广宁县,1787,440,1787,

77,5934,怀集县,1788,440,1788,

77,5935,封开县,1790,440,1790,

77,5936,德庆县,1791,440,1791,

77,5938,新兴县,1792,440,1792,

77,5939,郁南县,1793,440,1793,

77,5941,罗定市,1794,440,1794,

77,5952,博罗县,1795,440,1795,

77,5953,惠东县,1796,440,1796,

77,5962,大埔县,1798,440,1798,

77,5963,丰顺县,1799,440,1799,

77,5964,五华县,1801,440,1801,

77,5965,兴宁市,1802,440,1802,

77,5966,平远县,1803,440,1803,

77,5967,蕉岭县,1804,440,1804,

77,5971,海丰县,1806,440,1806,

77,5972,陆丰市,1807,440,1807,

77,5973,陆河县,1808,440,1808,

77,5981,紫金县,1809,440,1809,

77,5982,龙川县,1810,440,1810,

77,5983,连平县,1811,440,1811,

77,5984,和平县,1812,440,1812,

77,5985,东源县,1813,440,1813,

77,5991,阳西县,1814,440,1814,

77,5992,阳春市,1815,440,1815,

77,5993,阳东县,1816,440,1816,

77,6017,清新县,1818,440,1818,

77,6121,凭祥市,1819,450,1819,

77,6127,扶绥县,1820,450,1820,

77,6128,崇左市中心,1821,450,1821,

77,6129,大新县,1822,450,1822,

77,6131,天等县,1823,450,1823,

77,6132,宁明县,1824,450,1824,

77,5868,惠来县,1825,440,1825,

77,5871,揭东县,1826,440,1826,

77,5872,潮安县,1827,440,1827,

77,5892,台山市,1828,440,1828,

77,5893,恩平市,1830,440,1830,

77,5894,开平市,1831,440,1831,

77,5895,鹤山市,1832,440,1832,

77,5911,吴川市,1833,440,1833,

77,5912,廉江市,1834,440,1834,

77,5913,遂溪县,1835,440,1835,

77,5914,雷州市,1836,440,1836,

77,6158,融水县,1837,450,1837,

77,6159,金秀县,1838,450,1838,

77,6161,忻城县,1839,450,1839,

77,6170,桂林市,1840,450,1840,

77,6171,阳朔县,1841,450,1841,

77,6172,临桂县,1843,450,1843,

77,6181,灵川县,1844,450,1844,

77,6182,全州县,1845,450,1845,

77,6183,兴安县,1846,450,1846,

77,6184,永福县,1847,450,1847,

77,6185,灌阳县,1848,450,1848,

77,6186,龙胜县,1849,450,1849,

77,6187,资源县,1850,450,1850,

77,6188,平乐县,1851,450,1851,

77,6189,荔浦县,1852,450,1852,

77,6191,恭城县,1853,450,1853,

77,6210,梧州市,1855,450,1855,

77,6211,苍梧县,1856,450,1856,

77,6221,岑溪市,1857,450,1857,

77,6222,藤县,1858,450,1858,

77,6223,昭平县,1859,450,1859,

77,6224,蒙山县,1860,450,1860,

77,6225,贺州市,1861,450,1861,

77,6226,钟山县,1862,450,1862,

77,6227,富川县,1863,450,1863,

77,6231,合浦县,1864,450,1864,

77,6240,玉林,1865,450,1865,

77,6242,贵港市,1867,450,1867,

77,6243,桂平市,1868,450,1868,

77,6244,平南县,1869,450,1869,

77,6245,容县,1870,450,1870,

77,6246,北流市,1871,450,1871,

77,6247,陆川县,1872,450,1872,

77,6248,博白县,1873,450,1873,

77,6249,玉林市兴业县,1874,450,1874,

77,6261,百色市,1875,450,1875,

77,6262,田阳县,1876,450,1876,

77,6263,田东县,1877,450,1877,

77,6264,平果县,1878,450,1878,

77,6266,靖西县,1880,450,1880,

77,6133,龙州县,1881,450,1881,

77,5130,南阳市,460,410,460,

77,5150,信阳市,461,410,461,

77,5210,武汉市,462,420,462,

77,5260,宜昌市,463,420,463,

77,5261,宜都市,464,420,464,

77,5262,当阳市,465,420,465,

77,5264,枝江市,466,420,466,

77,5265,远安县,467,420,467,

77,5269,五峰县,468,420,468,

77,5280,襄樊市,469,420,469,

77,5283,南漳县,470,420,470,

77,5285,保康县,471,420,471,

77,5287,老河口市,472,420,472,

77,5310,鄂州市,473,420,473,

77,5320,荆门市,474,420,474,

77,5330,黄冈市,475,420,475,

77,5357,汉川市,476,420,476,

77,5360,咸宁市,477,420,477,

77,5510,长沙市,478,430,478,

77,5530,湘潭市,479,430,479,

77,5540,衡阳市,480,430,480,

77,5550,邵阳市,481,430,481,

77,5551,邵东县,482,430,482,

77,4630,泰安市,483,370,483,

77,4650,威海市,484,370,484,

77,4653,荣成市,485,370,485,

77,4660,滨州,486,370,486,

77,4680,德州市,487,370,487,

77,4710,聊城市,488,370,488,

77,4732,日照市,489,370,489,

77,4910,郑州市,490,410,490,

77,4914,巩义市,491,410,491,

77,4916,新密市,492,410,492,

77,4920,开封市,493,410,493,

77,4930,洛阳市,494,410,494,

77,4950,平顶山市,495,410,495,

77,4960,安阳市,496,410,496,

77,4963,汤阴县,497,410,497,

77,4965,内黄县,498,410,498,

77,4970,鹤壁市,499,410,499,

77,4980,新乡市,500,410,500,

77,4984,延津县,501,410,501,

77,4987,卫辉市,502,410,502,

77,5010,焦作市,503,410,503,

77,5020,濮阳市,504,410,504,

77,5850,珠海市,505,440,505,

77,5862,饶平县,506,440,506,

77,5863,南澳县,507,440,507,

77,5865,揭阳市,508,440,508,

77,5869,潮州市,509,440,509,

77,5880,佛山市,510,440,510,

77,5883,顺德市,511,440,511,

77,5890,江门市,512,440,512,

77,5910,湛江市,513,440,513,

77,5920,茂名市,514,440,514,

77,5930,肇庆市,515,440,515,

77,5937,云浮市,516,440,516,

77,5950,惠州市,517,440,517,

77,5954,龙门县,518,440,518,

77,5956,大亚湾营业部,519,440,519,

77,5960,梅州市,520,440,520,

77,5970,汕尾市,521,440,521,

77,5980,河源市,522,440,522,

77,5990,阳江市,523,440,523,

77,6010,清远市,524,440,524,

77,6011,佛冈县,525,440,525,

77,6012,英德市,526,440,526,

77,6013,阳山县,527,440,527,

77,6014,连州市,528,440,528,

77,6015,连山县,529,440,529,

77,6016,连南县,530,440,530,

77,6020,东莞市,531,440,531,

77,6030,中山市,532,440,532,

77,6110,南宁市,533,450,533,

77,5557,绥宁县,534,430,534,

77,5576,汨罗市,535,430,535,

77,5580,常德市,536,430,536,

77,5590,张家界市,537,430,537,

77,5591,慈利县,538,430,538,

77,5592,桑植县,539,430,539,

77,5610,益阳市,540,430,540,

77,5620,娄底市,541,430,541,

77,5650,永州市,542,430,542,

77,5653,东安县,543,430,543,

77,5659,新田县,544,430,544,

77,5670,怀化市,545,430,545,

77,5676,溆浦县,546,430,546,

77,5690,湘西土家族苗族自治州,547,430,547,

77,5810,广州市,548,440,548,

77,5820,韶关市,549,440,549,

77,5822,始兴县,550,440,550,

77,5825,乐昌市,551,440,551,

77,5826,翁源县,552,440,552,

77,5827,乳源县,553,440,553,

77,5828,新丰县,554,440,554,

77,5840,深圳市,555,440,555,

77,6810,甘孜州,556,510,556,

77,6840,凉山州,557,510,557,

77,7010,贵阳市,558,520,558,

77,7030,遵义市,559,520,559,

77,7070,黔西南州,560,520,560,

77,7114,息烽县,561,520,561,

77,7116,清镇市,562,520,562,

77,7130,黔东南州,563,520,563,

77,7150,黔南州,564,520,564,

77,7310,昆明市,565,530,565,

77,7319,官渡区,566,530,566,

77,7340,昭通地区,567,530,567,

77,7360,曲靖市,568,530,568,

77,7380,楚雄州,569,530,569,

77,7391,禄丰县,570,530,570,

77,7410,玉溪市,571,530,571,

77,7430,红河州,572,530,572,

77,7450,文山州,573,530,573,

77,7454,麻栗坡,574,530,574,

77,7470,思茅地区,575,530,575,

77,7477,江城县,576,530,576,

77,7481,西盟县,577,530,577,

77,7490,西双版纳州,578,530,578,

77,7493,勐腊县,579,530,579,

77,7510,大理州,580,530,580,

77,7530,保山地区,581,530,581,

77,7540,德宏州,583,530,583,

77,7543,梁河县,584,530,584,

77,7544,盈江县,585,530,585,

77,6230,北海市,586,450,586,

77,6410,海口市,587,460,587,

77,6510,成都市,588,510,588,

77,6530,重庆市,589,500,589,

77,6550,自贡市,590,510,590,

77,6560,攀枝花市,591,510,591,

77,6570,泸州市,592,510,592,

77,6580,德阳市,593,510,593,

77,6590,绵阳市,595,510,595,

77,6610,广元市,596,510,596,

77,6620,遂宁市,597,510,597,

77,6630,内江市,598,510,598,

77,6636,资阳市,599,510,599,

77,6650,乐山市,600,510,600,

77,6652,眉山,601,510,601,

77,6710,宜宾市,602,510,602,

77,6730,南充市,603,510,603,

77,6737,广安市,604,510,604,

77,6750,达川地区,605,510,605,

77,6758,巴中地区,606,510,606,

77,6770,雅安地区,608,510,608,

77,6790,阿坝州,609,510,609,

77,8317,礼县,610,620,610,

77,8330,平凉地区,611,620,611,

77,8340,庆阳地区,612,620,612,

77,8360,临夏州,613,620,613,

77,8363,康乐县,614,620,614,

77,8366,和政县,615,620,615,

77,8510,西宁市,616,630,616,

77,8520,海东,617,630,617,

77,8540,海北州,618,630,618,

77,8550,黄南州,620,630,620,

77,8560,海南州,621,630,621,

77,8570,果洛州,622,630,622,

77,8580,玉树州,623,630,623,

77,8590,海西州,624,630,624,

77,8710,银川市,625,640,625,

77,8731,吴忠市,626,640,626,

77,8810,乌鲁木齐市,627,650,627,

77,8820,克拉玛依石油,628,650,628,

77,8830,吐鲁番地区,629,650,629,

77,8840,哈密地区,630,650,630,

77,8850,昌吉州,632,650,632,

77,8870,博尔塔拉蒙古自治州,633,650,633,

77,8880,巴音郭楞蒙古自治州,634,650,634,

77,8910,阿克苏地区,635,650,635,

77,8930,克孜勒苏柯尔克孜州,636,650,636,

77,8940,喀什地区,637,650,637,

77,8942,疏附县,638,650,638,

77,8943,疏勒县,639,650,639,

77,8944,英吉沙县,640,650,640,

77,7545,陇川县,641,530,641,

77,7546,瑞丽市,642,530,642,

77,7550,丽江地区,643,530,643,

77,7560,怒江州,645,530,645,

77,7570,迪庆州,646,530,646,

77,7580,临沧地区,647,530,647,

77,7587,耿马县,648,530,648,

77,7700,拉萨市,649,540,649,

77,7711,樟木口岸,650,540,650,

77,7720,昌都地区,651,540,651,

77,7740,山南地区,652,540,652,

77,7760,日喀则地区,653,540,653,

77,7790,那曲地区,654,540,654,

77,7810,阿里地区,655,540,655,

77,7830,林芝地区,657,540,657,

77,7910,西安市,658,610,658,

77,7970,渭南市,659,610,659,

77,8210,兰州市,660,620,660,

77,8230,金昌市,661,620,661,

77,8251,清水县,662,620,662,

77,8255,张家川,663,620,663,

77,8270,张掖地区,664,620,664,

77,8981,奎屯市,665,650,665,

77,9010,塔城地区,666,650,666,

77,9012,额敏县,667,650,667,

77,9020,阿勒泰地区,669,650,669,

77,9023,富蕴县,670,650,670,

77,9024,福海县,671,650,671,

77,9028,石河子市,672,650,672,

77,1240,唐山市,676,130,676,

77,1243,滦县,677,130,677,

77,1244,滦南县,678,130,678,

77,1245,乐亭县,679,130,679,

77,1247,迁西县,681,130,681,

77,1248,遵化市,682,130,682,

77,1249,玉田县,683,130,683,

77,1260,秦皇岛,684,130,684,

77,1261,青龙县,685,130,685,

77,1262,昌黎县,686,130,686,

77,1263,抚宁县,687,130,687,

77,1264,卢龙县,688,130,688,

77,1271,邯郸县,689,130,689,

77,1281,大名县,690,130,690,

77,1284,邱县,691,130,691,

77,1286,肥乡县,693,130,693,

77,1287,广平县,694,130,694,

77,1288,成安县,695,130,695,

77,1289,临漳县,696,130,696,

77,1291,磁县,697,130,697,

77,1292,更乐,698,130,698,

77,1293,永年县,699,130,699,

77,1294,馆陶县,700,130,700,

77,1310,邢台市,701,130,701,

77,1311,邢台县,702,130,702,

77,1321,南宫市,703,130,703,

77,1322,沙河市,705,130,705,

77,1323,临城县,706,130,706,

77,1324,内邱县,707,130,707,

77,1325,柏乡县,708,130,708,

77,8945,泽普县,709,650,709,

77,8946,莎车县,710,650,710,

77,8947,叶城县,711,650,711,

77,8948,麦盖提县,712,650,712,

77,8949,岳普湖县,713,650,713,

77,8951,伽师县,714,650,714,

77,8952,巴楚县,715,650,715,

77,8960,和田地区,717,650,717,

77,8963,墨玉县,718,650,718,

77,8965,洛浦县,719,650,719,

77,8980,伊犁州,720,650,720,

77,1340,保定市,721,130,721,

77,1341,满城县,722,130,722,

77,1342,清苑县,723,130,723,

77,1351,定州市,724,130,724,

77,1353,易县,725,130,725,

77,1354,徐水县,726,130,726,

77,1355,涞源县,727,130,727,

77,1356,定兴县,729,130,729,

77,1357,顺平县,730,130,730,

77,1358,唐县,731,130,731,

77,1359,望都县,732,130,732,

77,1361,涞水县,733,130,733,

77,1362,高阳县,734,130,734,

77,1364,雄县,735,130,735,

77,1365,容城县,736,130,736,

77,1366,高碑店,737,130,737,

77,1367,曲阳县,738,130,738,

77,1368,阜平县,739,130,739,

77,1369,安国市,740,130,740,

77,1372,蠡县,741,130,741,

77,1381,宣化县,742,130,742,

77,1391,张北县,743,130,743,

77,1392,康保县,744,130,744,

77,1393,沽源县,745,130,745,

77,1394,尚义县,746,130,746,

77,1395,蔚县,747,130,747,

77,1396,阳原县,748,130,748,

77,1397,怀安县,749,130,749,

77,1398,万全县,750,130,750,

77,1399,怀来县,751,130,751,

77,1401,涿鹿县,752,130,752,

77,1402,赤城县,753,130,753,

77,1403,崇礼县,754,130,754,

77,1411,承德县,755,130,755,

77,1421,宽城满族自治县,756,130,756,

77,1422,兴隆县,757,130,757,

77,1423,平泉县,758,130,758,

77,1424,滦平县,759,130,759,

77,1425,丰宁满族自治县,760,130,760,

77,1426,隆化县,761,130,761,

77,1326,隆尧县,762,130,762,

77,1327,任县,763,130,763,

77,1328,南和县,764,130,764,

77,1329,宁晋县,765,130,765,

77,1331,巨鹿县,766,130,766,

77,1332,新河县,767,130,767,

77,1333,广宗县,768,130,768,

77,1335,威县,770,130,770,

77,1336,清河县,771,130,771,

77,1337,临西县,772,130,772,

77,1462,固安县,773,130,773,

77,1463,永清县,775,130,775,

77,1464,香河县,776,130,776,

77,1465,大城县,777,130,777,

77,1466,文安县,778,130,778,

77,1467,霸州市,779,130,779,

77,1468,大厂,780,130,780,

77,1482,冀州市,781,130,781,

77,1483,枣强县,782,130,782,

77,1484,武邑县,783,130,783,

77,1485,深州市,784,130,784,

77,1486,武强县,785,130,785,

77,1487,饶阳县,787,130,787,

77,1488,安平县,788,130,788,

77,1489,故城县,789,130,789,

77,1491,景县,790,130,790,

77,1492,阜城县,791,130,791,

77,1631,阳高县,792,140,792,

77,1632,天镇县,793,140,793,

77,1633,广灵县,794,140,794,

77,1634,灵丘县,795,140,795,

77,1635,浑源县,796,140,796,

77,1636,应县,797,140,797,

77,1637,左云县,799,140,799,

77,1638,右玉县,800,140,800,

77,1639,大同县,801,140,801,

77,1641,怀仁县,802,140,802,

77,1651,平定县,803,140,803,

77,1652,盂县,804,140,804,

77,1661,长治县,805,140,805,

77,1662,潞城市,806,140,806,

77,1663,襄垣县,807,140,807,

77,1664,屯留县,808,140,808,

77,1665,平顺县,809,140,809,

77,1666,黎城县,811,140,811,

77,1667,壶关县,812,140,812,

77,1668,长子县,813,140,813,

77,1669,武乡县,814,140,814,

77,1671,沁县,815,140,815,

77,1672,沁源县,816,140,816,

77,1427,围场,817,130,817,

77,1431,沧县,818,130,818,

77,1432,青县,819,130,819,

77,1442,东风路,820,130,820,

77,1443,河间市,821,130,821,

77,1444,肃宁县,823,130,823,

77,1445,献县,824,130,824,

77,1447,东光县,825,130,825,

77,1448,南皮县,826,130,826,

77,1449,盐山县,827,130,827,

77,1461,三河市,828,130,828,

77,1717,宁武县,829,140,829,

77,1719,神池县,830,140,830,

77,1721,五寨县,831,140,831,

77,1722,岢岚县,832,140,832,

77,1723,河曲县,833,140,833,

77,1730,吕梁市,835,140,835,

77,1731,汾阳市,836,140,836,

77,1732,文水县,837,140,837,

77,1733,交城县,838,140,838,

77,1734,孝义市,839,140,839,

77,1735,中兴县,840,420,840,

77,1736,临县,841,140,841,

77,1737,柳林县,842,140,842,

77,1738,石楼县,843,140,843,

77,1739,岚县,844,140,844,

77,1741,方山县,845,140,845,

77,1743,中阳县,847,140,847,

77,1744,交口县,848,140,848,

77,1752,榆社县,849,140,849,

77,1756,寿阳县,850,140,850,

77,1757,太谷县,851,140,851,

77,1758,东观,852,140,852,

77,1759,平遥县,853,140,853,

77,1761,介休市,854,140,854,

77,1762,灵石县,855,140,855,

77,1770,临汾市,856,140,856,

77,1772,侯马市,858,140,858,

77,1773,曲沃县,859,140,859,

77,1774,翼城县,860,140,860,

77,1775,襄汾县,861,140,861,

77,1776,洪洞县,862,140,862,

77,1777,霍州市,863,140,863,

77,1778,古县,864,140,864,

77,1779,安泽县,865,140,865,

77,1781,浮山县,866,140,866,

77,1782,吉县,867,140,867,

77,1783,乡宁县,868,140,868,

77,1784,蒲县,870,140,870,

77,1785,大宁县,871,140,871,

77,1786,永和县,872,140,872,

77,1681,沁水县,873,140,873,

77,1682,阳城县,874,140,874,

77,1683,高平市,875,140,875,

77,1684,陵川县,876,140,876,

77,1690,朔州市,877,140,877,

77,1691,山阴县,878,140,878,

77,1710,忻州市,879,140,879,

77,1712,定襄县,880,140,880,

77,1713,五台县,882,140,882,

77,1714,原平市,883,140,883,

77,1715,代县,884,140,884,

77,1821,夏县,885,140,885,

77,1822,绛县,886,140,886,

77,1823,平陆县,887,140,887,

77,1824,垣曲县,888,140,888,

77,1920,包头市,889,150,889,

77,1921,土默特右旗,890,150,890,

77,1922,固阳县,891,150,891,

77,1930,乌海市,893,150,893,

77,1941,阿鲁科尔沁旗,894,150,894,

77,1942,赤峰巴林左旗,895,150,895,

77,1943,赤峰巴林右旗,896,150,896,

77,1944,林西县,897,150,897,

77,1945,赤峰市克什克腾旗,898,150,898,

77,1946,赤峰市翁牛特旗,899,150,899,

77,1947,赤峰市喀喇沁旗,900,150,900,

77,1948,宁城县,901,150,901,

77,1949,敖汉旗,902,150,902,

77,1960,呼伦贝尔市,903,150,903,

77,1962,满洲里,905,150,905,

77,1963,扎兰屯,906,150,906,

77,1964,牙克石,907,150,907,

77,1966,呼伦贝尔市莫力达瓦旗,908,150,908,

77,1968,根河市,909,150,909,

77,1971,伊敏,910,150,910,

77,1972,呼伦贝尔市新巴尔虎右旗,911,150,911,

77,1973,呼伦贝尔市新巴尔虎左旗,912,150,912,

77,1974,陈巴尔虎旗,913,150,913,

77,1983,科尔沁右翼中旗,914,150,914,

77,1984,扎赉特旗,915,150,915,

327,24,邮政储蓄银行,100,,78,403

327,30,重庆三峡银行,82,,82,321

77,2291,阜新县,301,210,301,

77,2310,辽阳市,302,210,302,

77,2320,盘锦市,303,210,303,

77,2330,铁岭市,304,210,304,

77,2332,西丰县,305,210,305,

77,2333,昌图县,306,210,306,

77,2340,朝阳市,307,210,307,

77,2345,建昌县,308,210,308,

77,1334,平乡县,769,130,769,

77,2420,吉林市,310,220,310,

77,2423,磐石市,312,220,312,

77,2424,蛟河市,313,220,313,

77,2430,四平市,314,220,314,

77,2432,伊通县,315,220,315,

77,2433,双辽市,316,220,316,

77,2434,公主岭市,317,220,317,

77,2440,辽源市,318,220,318,

77,2450,通化市,319,220,319,

77,1725,偏关县,320,140,320,

77,1750,晋中市,321,140,321,

77,1753,左权县,322,140,322,

77,1754,和顺县,324,140,324,

77,1755,昔阳县,325,140,325,

77,1910,呼和浩特市,326,150,326,

77,1911,土默特左旗,327,150,327,

77,1912,托克托县,328,150,328,

77,1913,呼和浩特郊区,329,150,329,

77,1940,赤峰市,330,150,330,

77,1965,阿荣旗,331,150,331,

77,1967,额尔古纳市,332,150,332,

77,1969,鄂伦春旗,333,150,333,

77,1980,兴安盟,334,150,334,

77,1990,通辽市,336,150,336,

77,2010,锡林郭勒盟,337,150,337,

77,2030,乌兰察布盟,338,150,338,

77,2032,武川县,339,150,339,

77,2033,和林格尔县,340,150,340,

77,2034,清水河县,341,150,341,

77,2070,巴彦淖尔盟,342,150,342,

77,2080,阿拉善盟,343,150,343,

77,3035,邳州市,344,320,344,

77,3036,新沂市,345,320,345,

77,3040,常州市,346,320,346,

77,3050,苏州市,348,320,348,

77,3051,太仓市,349,320,349,

77,3052,昆山市,350,320,350,

77,3054,吴江市,351,320,351,

77,3055,常熟市,352,320,352,

77,3056,张家港市,353,320,353,

77,3060,南通市,354,320,354,

77,3061,海安县,355,320,355,

77,3062,如皋市,356,320,356,

77,3063,如东县,357,320,357,

77,3065,海门县,358,320,358,

77,3066,启东市,360,320,360,

77,3070,连云港市,361,320,361,

77,3080,淮安市,362,320,362,

77,3084,通州市,363,320,363,

77,3090,宿迁市,364,320,364,

77,3110,盐城市,365,320,365,

77,3120,扬州市,366,320,366,

77,3128,泰州市,367,320,367,

77,3140,镇江市,368,320,368,

77,3310,杭州市,369,330,369,

77,3317,萧山市,370,330,370,

77,3320,宁波市,372,330,372,

77,3330,温州市,373,330,373,

77,3350,嘉兴市,374,330,374,

77,3360,湖州市,375,330,375,

77,2460,白山市,376,220,376,

77,2470,白城市,377,220,377,

77,2472,洮南市,378,220,378,

77,2473,扶余县,379,220,379,

77,2490,延边自治州,380,220,380,

77,2492,图们市,381,220,381,

77,2493,敦化市,382,220,382,

77,2494,珲春市,384,220,384,

77,2495,龙井市,385,220,385,

77,2498,安图县,386,220,386,

77,2520,松原市,387,220,387,

77,2610,哈尔滨市,388,230,388,

77,2780,黑河市,389,230,389,

77,2900,上海市,390,310,390,

77,3010,南京市,391,320,391,

77,3020,无锡市,392,320,392,

77,3022,江阴市,393,320,393,

77,3023,宜兴市,394,320,394,

77,3030,徐州市,395,320,395,

77,3031,丰县,397,320,397,

77,3032,沛县,398,320,398,

77,3034,睢宁县,399,320,399,

77,3930,厦门市,400,350,400,

77,3950,三明市,401,350,401,

77,3990,漳州市,402,350,402,

77,4010,南平市,403,350,403,

77,4210,南昌市,404,360,404,

77,4211,南昌县,405,360,405,

77,4212,新建县,406,360,406,

77,4213,安义县,407,360,407,

77,4214,进贤县,409,360,409,

77,4230,萍乡市,410,360,410,

77,4240,九江市,411,360,411,

77,4280,赣州地区,412,360,412,

77,4287,崇义县,413,360,413,

77,4291,定南县,414,360,414,

77,4298,寻乌县,417,360,417,

77,4310,宜春地区,418,360,418,

77,4313,樟树市,419,360,419,

77,4319,靖安县,421,360,421,

77,4330,上饶地区,422,360,422,

77,4354,吉水,423,360,423,

77,4355,峡江县,424,360,424,

77,4370,抚州地区,425,360,425,

77,4510,济南市,426,370,426,

77,4520,青岛市,427,370,427,

77,4540,枣庄市,428,370,428,

77,4560,烟台市,429,370,429,

77,4617,汶上县,430,370,430,

77,3370,绍兴市,431,330,431,

77,3380,金华市,433,330,433,

77,3410,衢州市,434,330,434,

77,3420,舟山市,435,330,435,

77,3430,丽水市,436,330,436,

77,3450,台州市,437,330,437,

77,3610,合肥市,438,340,438,

77,3620,芜湖市,439,340,439,

77,3630,蚌埠市,440,340,440,

77,3640,淮南市,441,340,441,

77,3650,马鞍山市,442,340,442,

77,3660,淮北市,443,340,443,

77,3670,铜陵市,444,340,444,

77,3680,安庆市,445,340,445,

77,3685,太湖县,446,340,446,

77,3720,阜阳市,447,340,447,

77,3722,亳州市,448,340,448,

77,3740,宿州市,449,340,449,

77,3750,滁州市,450,340,450,

77,3760,六安地区,451,340,451,

77,3790,池州市,452,340,452,

77,3910,福州市,453,350,453,

77,5030,许昌市,454,410,454,

77,5040,漯河市,455,410,455,

77,5050,三门峡市,456,410,456,

77,5060,商丘市,457,410,457,

77,5080,周口市,458,410,458,

77,5110,驻马店市,459,410,459,

77,2410,长春市,309,220,309,

77,8737,同心县,2255,640,2255,

77,8741,固原市,2256,640,2256,

77,8742,海原县,2257,640,2257,

77,8743,西吉县,2258,640,2258,

77,8744,隆德县,2259,640,2259,

77,8382,卓尼县,2260,620,2260,

77,8383,舟曲县,2261,620,2261,

77,8384,迭部县,2262,620,2262,

77,8385,玛曲县,2263,620,2263,

77,8386,甘南州碌曲县,2264,620,2264,

77,8387,夏河县,2265,620,2265,

77,8521,平安县,2267,630,2267,

77,8522,民和县,2268,630,2268,

77,8523,乐都县,2269,630,2269,

77,8526,互助县,2270,630,2270,

77,8527,化隆县,2271,630,2271,

77,8855,奇台县,2272,650,2272,

77,8856,阜康市,2273,650,2273,

77,8857,吉木萨尔县,2274,650,2274,

77,8858,五家渠,2275,650,2275,

77,8859,木垒县,2276,650,2276,

77,8872,精河县,2277,650,2277,

77,8873,温泉县,2279,650,2279,

77,8882,轮台县,2280,650,2280,

77,8883,尉犁县,2281,650,2281,

77,8884,若羌县,2282,650,2282,

77,8885,且末县,2283,650,2283,

77,8886,焉耆县,2284,650,2284,

77,8887,和静县,2285,650,2285,

77,8888,和硕县,2286,650,2286,

77,8889,博湖县,2287,650,2287,

77,8912,温宿县,2288,650,2288,

77,8913,库车县,2289,650,2289,

77,8914,沙雅县,2291,650,2291,

77,8915,新和县,2292,650,2292,

77,8916,拜城县,2293,650,2293,

77,8917,乌什县,2294,650,2294,

77,8918,阿克苏地区阿瓦提县,2295,650,2295,

77,8919,柯坪县,2296,650,2296,

77,8932,阿克陶县,2297,650,2297,

77,8933,阿合奇县,2298,650,2298,

77,8934,乌恰县,2299,650,2299,

77,8953,喀什塔什库尔干县,2300,650,2300,

77,8964,皮山县,2301,650,2301,

77,8966,策勒县,2302,650,2302,

77,8967,于田县,2304,650,2304,

77,8968,民丰县,2305,650,2305,

77,8992,伊犁伊宁县,2306,650,2306,

77,8993,伊犁察布查尔县,2307,650,2307,

77,8994,伊犁霍城县,2308,650,2308,

77,8995,伊犁巩留县,2309,650,2309,

77,8996,伊犁新源县,2310,650,2310,

77,8997,伊犁昭苏县,2311,650,2311,

77,8998,伊犁特克斯县,2312,650,2312,

77,8999,伊犁尼勒克县,2313,650,2313,

77,9013,乌苏市,2314,650,2314,

77,8745,泾源县,2315,640,2315,

77,8746,彭阳县,2316,640,2316,

77,8832,鄯善县,2317,650,2317,

77,8833,吐鲁番托克逊县,2318,650,2318,

77,8842,巴里坤县,2320,650,2320,

77,8843,伊吾县,2321,650,2321,

77,8844,北屯,2322,650,2322,

77,8847,阿拉山口,2323,650,2323,

77,8852,米泉市,2324,650,2324,

77,8853,芳草湖,2325,650,2325,

77,8854,新湖,2326,650,2326,

77,9014,沙湾县,2327,650,2327,

77,9015,托里县,2328,650,2328,

77,9016,裕民县,2329,650,2329,

77,9017,和布克赛尔县,2330,650,2330,

77,9022,阿勒泰地区布尔津县,2332,650,2332,

76,650,新疆维吾尔自治区,1,,1,

77,7954,乾县,1087,610,1087,

77,7955,礼泉县,1100,610,1100,

77,9025,哈巴河县,2333,650,2333,

77,7956,永寿县,1112,610,1112,

77,7957,彬县,1124,610,1124,

77,7958,长武县,1137,610,1137,

77,7959,旬邑县,1149,610,1149,

77,7961,淳化县,1161,610,1161,

77,7962,武功县,1174,610,1174,

77,7972,韩城市,1186,610,1186,

77,7973,华县,1198,610,1198,

77,7974,华阴市,1211,610,1211,

77,7975,潼关县,1223,610,1223,

77,7976,大荔县,1235,610,1235,

77,7977,蒲城县,1248,610,1248,

77,7978,澄城县,1262,610,1262,

77,7979,白水县,1278,610,1278,

77,7981,合阳县,1290,610,1290,

77,7982,富平县,1303,610,1303,

77,7990,汉中市,1315,610,1315,

77,7992,南郑县,1328,610,1328,

77,7993,城固县,1340,610,1340,

77,7994,四○五,1352,610,1352,

77,7995,西乡县,1365,610,1365,

77,7996,勉县,1377,610,1377,

77,7997,宁强县,1389,610,1389,

77,7998,略阳县,1402,610,1402,

77,6611,旺苍县,1931,510,1931,

77,6612,青川县,1932,510,1932,

77,6613,剑阁县,1933,510,1933,

77,6614,苍溪县,1934,510,1934,

77,6621,篷溪县,1935,510,1935,

77,6267,那坡县,1936,450,1936,

77,6268,凌云县,1937,450,1937,

77,6269,乐业县,1938,450,1938,

77,6271,田林县,1939,450,1939,

77,6272,隆林县,1940,450,1940,

77,6273,西林县,1942,450,1942,

77,6275,德保县,1943,450,1943,

77,6281,河池,1944,450,1944,

77,6282,宜州市,1945,450,1945,

77,6283,河池市罗城县,1946,450,1946,

77,6284,河池市环江县,1947,450,1947,

77,6655,夹江县,1948,510,1948,

77,6656,洪雅县,1949,510,1949,

77,6657,彭山县,1950,510,1950,

77,6658,沐川县,1951,510,1951,

77,6659,青神县,1952,510,1952,

77,6662,峨边县,1954,510,1954,

77,6663,乐山市马边县,1955,510,1955,

77,6664,峨眉山,1956,510,1956,

77,6665,丹棱县,1957,510,1957,

77,6670,万州,1958,500,1958,

77,6673,开县,1959,500,1959,

77,6674,忠县,1960,500,1960,

77,6675,梁平县,1961,500,1961,

77,6676,云阳县,1963,500,1963,

77,6677,奉节县,1964,500,1964,

77,6678,巫山县,1965,500,1965,

77,6679,巫溪县,1967,500,1967,

77,6681,城口县,1968,500,1968,

77,6690,重庆涪陵,1969,500,1969,

77,6692,垫江县,1970,500,1970,

77,6693,南川市,1972,500,1972,

77,6694,丰都县,1973,500,1973,

77,6695,武隆县,1974,500,1974,

77,6712,宜宾县,1975,510,1975,

77,6713,南溪县,1976,510,1976,

77,6714,江安县,1977,510,1977,

77,6715,长宁县,1978,510,1978,

77,6716,高县,1980,510,1980,

77,6717,筠连县,1982,510,1982,

77,6718,珙县,1983,510,1983,

77,6719,兴文县,1984,510,1984,

77,6721,屏山县,1985,510,1985,

77,6732,华蓥市,1986,510,1986,

77,6734,南部县,1987,510,1987,

77,6735,岳池县,1989,510,1989,

77,6736,营山县,1990,510,1990,

77,6738,蓬安县,1991,510,1991,

77,6739,仪陇县,1992,510,1992,

77,6741,武胜县,1993,510,1993,

77,6742,西充县,1994,510,1994,

77,6622,射洪县,1995,510,1995,

77,6623,遂宁,1996,510,1996,

77,6632,乐至县,1997,510,1997,

77,6633,安岳县,1998,510,1998,

77,6634,威远县,1999,510,1999,

77,6635,资中县,2000,510,2000,

77,6637,简阳市,2002,510,2002,

77,6638,隆昌县,2003,510,2003,

77,6651,仁寿县,2004,510,2004,

77,6653,犍为县,2005,510,2005,

77,6654,井研县,2006,510,2006,

77,6772,名山县,2007,510,2007,

77,6773,荥经县,2008,510,2008,

77,6774,汉源县,2009,510,2009,

77,6775,石棉县,2010,510,2010,

77,6776,天全县,2011,510,2011,

77,6777,雅安市芦阳,2012,510,2012,

77,6778,宝兴县,2014,510,2014,

77,6791,汶川县,2015,510,2015,

77,6794,松潘县,2016,510,2016,

77,6795,九寨沟,2017,510,2017,

77,6817,炉霍县,2018,510,2018,

77,6842,四川省木里县,2019,510,2019,

77,6843,四川省盐源县,2020,510,2020,

77,6845,会理县,2021,510,2021,

77,6846,四川省会东县,2022,510,2022,

77,6847,四川省宁南县,2023,510,2023,

77,6848,四川省普格县,2024,510,2024,

77,6849,四川省布拖县,2026,510,2026,

77,6851,四川省金阳县,2027,510,2027,

77,6852,昭觉县,2028,510,2028,

77,6853,四川省喜德县,2029,510,2029,

77,6854,四川省冕宁县,2030,510,2030,

77,6855,四川省越西县,2031,510,2031,

77,6856,四川省甘洛县,2032,510,2032,

77,6857,四川省美姑县,2033,510,2033,

77,6858,四川省雷波县,2034,510,2034,

77,6859,四川省德昌县,2035,510,2035,

77,6870,重庆市黔江区,2036,500,2036,

77,6871,重庆市石柱土家族自治县,2037,500,2037,

77,6872,重庆秀山土家族苗族自治县,2039,500,2039,

77,6874,重庆市酉阳土家族苗族自治县,2040,500,2040,

77,6875,重庆市彭水苗族土家族自治县,2041,500,2041,

77,7020,六盘水,2042,520,2042,

77,7021,六枝,2043,520,2043,

77,7022,盘县,2044,520,2044,

77,7032,遵义县,2045,520,2045,

77,7033,桐梓县,2046,520,2046,

77,7034,绥阳县,2047,520,2047,

77,7035,正安县,2048,520,2048,

77,7036,遵义道真县,2050,520,2050,

77,6743,阆中市,2051,510,2051,

77,6752,达县,2052,510,2052,

77,6753,宣汉县,2053,510,2053,

77,6754,开江县,2054,510,2054,

77,6755,万源市,2055,510,2055,

77,6756,通江县,2056,510,2056,

77,6757,南江县,2057,510,2057,

77,6759,平昌县,2058,510,2058,

77,6140,柳州,1882,450,1882,

77,6141,柳江县,1883,450,1883,

77,6142,柳城县,1884,450,1884,

77,6151,合山市,1885,450,1885,

77,6152,鹿寨县,1886,450,1886,

77,6153,象州县,1887,450,1887,

77,6154,武宣县,1888,450,1888,

77,6155,来宾市,1889,450,1889,

77,6156,融安县,1890,450,1890,

77,6157,三江县,1892,450,1892,

77,6285,南丹县,1893,450,1893,

77,6286,天峨县,1894,450,1894,

77,6287,凤山县,1895,450,1895,

77,6288,东兰县,1896,450,1896,

77,6289,巴马瑶族自治县,1897,450,1897,

77,6291,都安瑶族自治县,1898,450,1898,

77,6292,大化瑶族自治县,1899,450,1899,

77,6311,钦州市,1900,450,1900,

77,6312,上思县,1901,450,1901,

77,6314,灵山县,1902,450,1902,

77,6315,浦北县,1903,450,1903,

77,6330,防城港,1905,450,1905,

77,6331,东兴,1906,450,1906,

77,6420,三亚,1907,460,1907,

77,6551,荣县,1908,510,1908,

77,6552,富顺县,1909,510,1909,

77,6561,米易县,1910,510,1910,

77,6562,四川省盐边县,1911,510,1911,

77,6571,泸县,1912,510,1912,

77,6572,合江县,1913,510,1913,

77,6573,纳溪区,1914,510,1914,

77,6574,叙永县,1915,510,1915,

77,6575,古蔺县,1917,510,1917,

77,6581,绵竹市,1918,510,1918,

77,6582,中江县,1919,510,1919,

77,6583,什邡市,1920,510,1920,

77,6584,广汉市,1921,510,1921,

77,6585,罗江县,1922,510,1922,

77,6591,三台县,1923,510,1923,

77,6592,盐亭县,1924,510,1924,

77,6593,安县,1925,510,1925,

77,6594,梓潼县,1926,510,1926,

77,6595,北川羌族自治县,1927,510,1927,

77,6596,平武县,1929,510,1929,

77,6597,江油市,1930,510,1930,

77,5134,方城县,1589,410,1589,

77,5135,西峡县,1590,410,1590,

77,5137,镇平县,1592,410,1592,

77,5138,内乡县,1593,410,1593,

77,5139,淅川县,1594,410,1594,

77,5141,社旗县,1595,410,1595,

77,5142,唐河县,1596,410,1596,

77,5143,新野县,1597,410,1597,

77,5023,范县,1598,410,1598,

77,5024,台前县,1599,410,1599,

77,5025,濮阳县,1600,410,1600,

77,5031,长葛市,1601,410,1601,

77,5032,许昌县,1602,410,1602,

77,5033,鄢陵县,1603,410,1603,

77,5034,禹州市,1605,410,1605,

77,5041,舞阳县,1606,410,1606,

77,5042,临颍县,1607,410,1607,

77,5043,郾城县,1608,410,1608,

77,5044,舞钢市,1609,410,1609,

77,5230,十堰市,1610,420,1610,

77,5263,夷陵区,1611,420,1611,

77,5266,兴山县,1613,420,1613,

77,5267,秭归县,1614,420,1614,

77,5268,长阳县,1615,420,1615,

77,5282,宜城市,1616,420,1616,

77,5284,谷城县,1618,420,1618,

77,5286,随州市,1619,420,1619,

77,5288,枣阳市,1620,420,1620,

77,5311,神龙架,1622,420,1622,

77,5331,麻城市,1623,420,1623,

77,5332,武穴市,1624,420,1624,

77,5333,团风县,1626,420,1626,

77,5334,红安县,1627,420,1627,

77,5335,罗田县,1628,420,1628,

77,5336,英山县,1629,420,1629,

77,5337,浠水县,1630,420,1630,

77,5338,蕲春县,1631,420,1631,

77,5339,黄梅县,1632,420,1632,

77,5350,孝感市,1633,420,1633,

77,5351,孝昌县,1634,420,1634,

77,5352,应城市,1635,420,1635,

77,5353,安陆市,1636,420,1636,

77,5354,广水市,1637,420,1637,

77,5355,大悟县,1639,420,1639,

77,5356,云梦县,1640,420,1640,

77,5362,赤壁市,1641,420,1641,

77,5363,嘉鱼县,1642,420,1642,

77,5364,通城县,1643,420,1643,

77,5365,崇阳县,1644,420,1644,

77,5366,通山县,1645,420,1645,

77,5367,阳新县,1646,420,1646,

77,5370,荆州市,1647,420,1647,

77,5371,仙桃市,1648,420,1648,

77,5372,石首市,1649,420,1649,

77,5373,洪湖市,1651,420,1651,

77,5374,天门市,1652,420,1652,

77,5375,潜江市,1653,420,1653,

77,5377,松滋市,1654,420,1654,

77,5378,公安县,1655,420,1655,

77,5144,桐柏县,1656,410,1656,

77,5152,息县,1657,410,1657,

77,5153,淮滨县,1658,410,1658,

77,5155,潢川县,1659,410,1659,

77,5156,光山县,1660,410,1660,

77,5157,固始县,1661,410,1661,

77,5158,商城县,1663,410,1663,

77,5159,罗山县,1664,410,1664,

77,5161,新县,1665,410,1665,

77,5220,黄石市,1666,420,1666,

77,5221,大冶市,1667,420,1667,

77,5412,利川市,1668,420,1668,

77,5413,建始市,1669,420,1669,

77,5414,巴东县,1670,420,1670,

77,5415,宣恩县,1671,420,1671,

77,5416,咸丰县,1672,420,1672,

77,5417,来凤县,1673,420,1673,

77,5418,鹤峰县,1675,420,1675,

77,5520,株洲市,1676,430,1676,

77,5521,株洲县,1677,430,1677,

77,5522,攸县,1678,430,1678,

77,5523,茶陵县,1679,430,1679,

77,5525,醴陵市,1680,430,1680,

77,5526,炎陵,1681,430,1681,

77,5532,湘乡市,1682,430,1682,

77,5533,韶山市,1683,430,1683,

77,5541,衡阳县,1684,430,1684,

77,5542,衡阳市衡南县,1685,430,1685,

77,5543,衡山县,1687,430,1687,

77,5544,衡东县,1688,430,1688,

77,5545,常宁市,1689,430,1689,

77,5546,祁东县,1690,430,1690,

77,5547,耒阳市,1691,430,1691,

77,5552,新邵县,1692,430,1692,

77,5553,邵阳县,1693,430,1693,

77,5554,隆回县,1694,430,1694,

77,5555,洞口县,1695,430,1695,

77,5556,武冈市,1696,430,1696,

77,5558,新宁县,1697,430,1697,

77,5559,城步县,1698,430,1698,

77,5570,岳阳楼,1700,430,1700,

77,9026,青河县,2334,650,2334,

77,9027,吉木乃县,2335,650,2335,

77,9029,三道岭,2336,650,2336,

77,9031,阿克苏阿拉尔,2337,650,2337,

77,9032,图木舒克市,2338,650,2338,

77,7999,镇巴县,1414,610,1414,

77,8001,留坝县,1430,610,1430,

77,8002,佛坪县,1445,610,1445,

77,8010,安康,1454,610,1454,

77,8012,汉阴县,1467,610,1467,

77,8013,石泉县,1480,610,1480,

77,7762,江孜县,1492,540,1492,

77,7773,亚东,1505,540,1505,

77,7920,铜川,1517,610,1517,

77,7921,耀州区,1529,610,1529,

77,7922,宜君县,1542,610,1542,

77,7930,宝鸡市,1554,610,1554,

77,7932,凤翔县,1566,610,1566,

77,7933,岐山县,1579,610,1579,

77,7934,扶风县,1591,610,1591,

77,7935,眉县,1604,610,1604,

77,7936,陇县,1617,610,1617,

77,8035,山阳县,1625,610,1625,

77,8036,镇安县,1638,610,1638,

77,8037,柞水县,1650,610,1650,

77,8040,甘泉县,1662,610,1662,

77,8042,延长县,1674,610,1674,

77,8043,延川县,1686,610,1686,

77,8044,子长县,1699,610,1699,

77,8045,安塞县,1711,610,1711,

77,8046,吴旗县,1724,610,1724,

77,8047,吴旗县,1736,610,1736,

77,8048,甘泉县,1748,610,1748,

77,8049,富县县,1761,610,1761,

77,8051,洛川县,1773,610,1773,

77,8052,宜川县,1785,610,1785,

77,8053,黄龙县,1800,610,1800,

77,8054,黄陵县,1805,610,1805,

77,8060,榆阳区,1817,610,1817,

77,8062,大柳塔,1829,610,1829,

77,8063,府谷县,1842,610,1842,

77,8064,横山县,1854,610,1854,

77,8065,靖边县,1866,610,1866,

77,8066,定边县,1879,610,1879,

77,8067,绥德县,1891,610,1891,

77,8068,米脂县,1904,610,1904,

77,8069,佳县,1916,610,1916,

77,8071,吴堡县,1928,610,1928,

77,8072,清涧县,1941,610,1941,

77,8073,子洲县,1953,610,1953,

77,8220,嘉峪关,1966,620,1966,

77,8231,永昌县,1981,620,1981,

77,8240,白银市,1988,620,1988,

77,8241,靖远县,2001,620,2001,

77,8242,会宁县,2013,620,2013,

77,8243,景泰县,2025,620,2025,

77,8244,平川区,2038,620,2038,

77,8250,天水市,2049,620,2049,

77,8252,秦安县,2062,620,2062,

77,8253,甘谷县,2074,620,2074,

77,8254,武山县,2086,620,2086,

77,8260,酒泉,2099,620,2099,

77,8014,宁陕县,2111,610,2111,

77,8015,紫阳县,2124,610,2124,

77,8016,岚皋县,2136,610,2136,

77,8017,平利县,2149,610,2149,

77,8018,镇坪县,2163,610,2163,

77,8019,旬阳县,2266,610,2266,

77,8021,白河县,2278,610,2278,

77,8030,商南县,2290,610,2290,

77,8032,洛南县,2303,610,2303,

77,8033,丹凤县,2319,610,2319,

77,8034,商南县,2331,610,2331,

77,8280,武威,2169,620,2169,

77,8282,民勤县,2170,620,2170,

77,8283,古浪县,2171,620,2171,

77,8284,天祝县,2172,620,2172,

77,8290,定西,2173,620,2173,

77,8292,通渭县,2174,620,2174,

77,8293,陇西县,2175,620,2175,

77,8294,渭源县,2176,620,2176,

77,8295,临洮县,2177,620,2177,

77,8296,漳县,2178,620,2178,

77,8297,岷县,2179,620,2179,

77,8310,陇南市,2180,620,2180,

77,8311,陇南市武都,2181,620,2181,

77,8312,宕昌县,2182,620,2182,

77,8313,成县,2183,620,2183,

77,8314,康县,2184,620,2184,

77,8315,文县,2185,620,2185,

77,8316,西和县,2186,620,2186,

77,8318,两当县,2187,620,2187,

77,8319,徽县,2188,620,2188,

77,8332,泾川县,2189,620,2189,

77,8333,灵台县,2190,620,2190,

77,8334,崇信县,2191,620,2191,

77,8335,华亭县,2192,620,2192,

77,8336,庄浪县,2193,620,2193,

77,8337,静宁县,2194,620,2194,

77,8342,庆城县,2195,620,2195,

77,8343,环县,2196,620,2196,

77,8344,华池县,2197,620,2197,

77,8345,合水县,2198,620,2198,

77,8346,正宁县,2199,620,2199,

77,8347,宁县,2200,620,2200,

77,8348,镇原县,2201,620,2201,

77,8362,临夏县,2202,620,2202,

77,8364,永靖县,2203,620,2203,

77,8365,广河县,2204,620,2204,

77,8367,临夏市东乡县,2205,620,2205,

77,8368,临夏市积石山县,2206,620,2206,

77,8380,甘南藏族自治州,2207,620,2207,

77,8381,临潭县,2208,620,2208,

77,8261,玉门市,2209,620,2209,

77,8263,敦煌市,2210,620,2210,

77,8264,金塔县,2211,620,2211,

77,8265,肃北蒙古族自治县,2212,620,2212,

77,8266,酒泉阿克塞,2213,620,2213,

77,8267,安西县,2214,620,2214,

77,8272,肃南裕固族自治县,2215,620,2215,

77,8273,民乐县,2216,620,2216,

77,8274,临泽县,2217,620,2217,

77,8275,高台县,2218,620,2218,

77,8276,山丹县,2219,620,2219,

77,8528,循化县,2220,630,2220,

77,8541,门源县,2221,630,2221,

77,8542,祁连,2222,630,2222,

77,8543,海晏县,2223,630,2223,

77,8544,行刚察,2224,630,2224,

77,8552,青海省尖扎,2225,630,2225,

77,8553,泽库,2226,630,2226,

77,8554,河南,2227,630,2227,

77,8561,共和恰卜恰,2228,630,2228,

77,8562,同德,2229,630,2229,

77,8563,贵德县,2230,630,2230,

77,8564,兴海,2231,630,2231,

77,8565,贵南,2232,630,2232,

77,8572,班玛,2233,630,2233,

77,8573,甘德,2234,630,2234,

77,8574,达日,2235,630,2235,

77,8575,久治,2236,630,2236,

77,8576,玛多,2237,630,2237,

77,8582,杂多,2238,630,2238,

77,8583,称多,2239,630,2239,

77,8584,治多,2240,630,2240,

77,8585,昂欠,2241,630,2241,

77,8586,曲麻莱,2242,630,2242,

77,8591,格尔木,2243,630,2243,

77,8592,海西州,2244,630,2244,

77,8593,乌兰县,2245,630,2245,

77,8594,青海省都兰县,2246,630,2246,

77,8720,惠农区,2247,640,2247,

77,8721,平罗县,2248,640,2248,

77,8722,陶乐县,2249,640,2249,

77,8723,惠农县,2250,640,2250,

77,8732,青铜峡,2251,640,2251,

77,8733,中卫市,2252,640,2252,

77,8734,中宁县,2253,640,2253,

77,8736,盐池县,2254,640,2254,

77,7137,天柱县,2097,520,2097,

77,7138,锦屏县,2098,520,2098,

77,7139,剑河县,2100,520,2100,

77,7141,台江县,2101,520,2101,

77,7142,黎平县,2102,520,2102,

77,7143,榕江县,2103,520,2103,

77,7144,从江县,2104,520,2104,

77,7145,雷山县,2105,520,2105,

77,7037,务川仡佬族苗族自治县,2106,520,2106,

77,7038,凤冈县,2107,520,2107,

77,7039,湄潭县,2108,520,2108,

77,7041,余庆县,2109,520,2109,

77,7042,仁怀市,2110,520,2110,

77,7043,赤水市,2112,520,2112,

77,7044,习水县,2113,520,2113,

77,7050,铜仁市,2114,520,2114,

77,7052,江口县,2115,520,2115,

77,7053,玉屏侗族自治县,2116,520,2116,

77,7054,石阡县,2117,520,2117,

77,7162,惠水县,2118,520,2118,

77,7163,三都县,2119,520,2119,

77,7342,鲁甸县,2120,530,2120,

77,7343,巧家县,2121,530,2121,

77,7344,盐津县,2122,530,2122,

77,7345,大关县,2123,530,2123,

77,7346,永善县,2125,530,2125,

77,7347,绥江县,2126,530,2126,

77,7348,镇雄县,2127,530,2127,

77,7349,彝良县,2128,530,2128,

77,7351,威信县,2129,530,2129,

77,7352,水富县,2130,530,2130,

77,7362,马龙县,2131,530,2131,

77,7363,宣威市,2132,530,2132,

77,7364,富源县,2133,530,2133,

77,7365,罗平县,2134,530,2134,

77,7366,师宗县,2135,530,2135,

77,7367,陆良县,2137,530,2137,

77,7369,会泽县,2138,530,2138,

77,7371,曲靖市沾益县,2139,530,2139,

77,7382,双柏县,2140,530,2140,

77,7383,牟定县,2141,530,2141,

77,7384,南华县,2142,530,2142,

77,7385,姚安县,2143,530,2143,

77,7386,大姚县,2144,530,2144,

77,7387,永仁县,2146,530,2146,

77,7388,元谋县,2147,530,2147,

77,7389,武定县,2148,530,2148,

77,7412,江川县,2150,530,2150,

77,7413,澄江县,2151,530,2151,

77,7414,通海县,2152,530,2152,

77,7415,华宁县,2154,530,2154,

77,7416,易门县,2155,530,2155,

77,7417,峨山县,2156,530,2156,

77,7418,新平县,2157,530,2157,

77,7419,元江县,2158,530,2158,

77,7432,开远市,2159,530,2159,

77,7433,蒙自县,2160,530,2160,

77,7434,屏边县,2162,530,2162,

77,7435,建水县,2164,530,2164,

77,7146,麻江县,2165,520,2165,

77,7147,丹寨县,2166,520,2166,

77,7152,荔波县,2167,520,2167,

77,7153,贵定县,2168,520,2168,

77,7154,福泉市,1244,520,1244,

77,7155,瓮安县,1252,520,1252,

77,7156,独山县,1261,520,1261,

77,7157,平塘县,1427,520,1427,

77,7158,罗甸县,1435,520,1435,

77,7159,长顺县,1443,520,1443,

77,7161,龙里县,1612,520,1612,

77,7456,丘北县,1621,530,1621,

77,7457,广南县,1789,530,1789,

77,7458,富宁县,1797,530,1797,

77,7472,普洱县,1962,530,1962,

77,7473,墨江县,1971,530,1971,

77,7474,景东县,1979,530,1979,

77,7475,景谷县,2145,530,2145,

77,7476,镇沅县,2153,530,2153,

77,7478,孟连县,2161,530,2161,

77,7479,澜沧县,298,530,298,

77,7492,勐海县,311,530,311,

77,7512,漾濞县,323,530,323,

77,7513,祥云县,335,530,335,

77,7514,宾川县,347,530,347,

77,7515,弥渡县,359,530,359,

77,7516,南涧县,371,530,371,

77,7517,巍山县,383,530,383,

77,7518,永平县,396,530,396,

77,7519,云龙县,408,530,408,

77,7521,洱源县,420,530,420,

77,7522,剑川县,432,530,432,

77,7523,鹤庆县,582,530,582,

77,7532,施甸县,594,530,594,

77,7533,腾冲县,607,530,607,

77,7534,龙陵县,619,530,619,

77,7535,昌宁县,631,530,631,

77,7552,永胜县,644,530,644,

77,7553,华坪县,656,530,656,

77,7554,宁蒗县,668,530,668,

77,7562,福贡县,680,530,680,

77,7563,贡山县,692,530,692,

77,7564,兰坪县,704,530,704,

77,7572,德钦县,716,530,716,

77,7573,维西县,728,530,728,

77,7582,凤庆县,774,530,774,

77,7583,云县,786,530,786,

77,7584,永德县,798,530,798,

77,7585,镇康县,810,530,810,

77,7586,双江县,822,530,822,

77,7588,沧源县,834,530,834,

77,7436,石屏县,846,530,846,

77,7437,弥勒县,857,530,857,

77,7438,泸西县,869,530,869,

77,7439,元阳县,881,530,881,

77,7441,红河县,892,530,892,

77,7442,金平县,904,530,904,

77,7443,绿春县,929,530,929,

77,7444,河口县,941,530,941,

77,7452,砚山县,953,530,953,

77,7453,西畴县,965,530,965,

77,7455,马关县,977,530,977,

77,7937,千阳县,989,610,989,

77,7938,麟游县,1003,610,1003,

77,7939,风县,1015,610,1015,

77,7941,太白县,1027,610,1027,

77,7950,咸阳市,1039,610,1039,

77,7951,兴平市,1052,610,1052,

77,7952,三原县,1064,610,1064,

77,7953,泾阳县,1076,610,1076,

76,110,北京市,2,,2,

76,120,天津市,3,,3,

76,500,重庆市,4,,4,

76,130,河北省,5,,5,

76,140,山西省,6,,6,

76,150,内蒙古自治区,7,,7,

76,210,辽宁省,8,,8,

76,220,吉林省,9,,9,

76,230,黑龙江省,10,,10,

76,310,上海市,11,,11,

76,320,江苏省,12,,12,

76,330,浙江省,13,,13,

76,340,安徽省,14,,14,

76,350,福建省,15,,15,

76,360,江西省,16,,16,

76,370,山东省,17,,17,

76,410,河南省,18,,18,

76,420,湖北省,19,,19,

76,430,湖南省,20,,20,

76,440,广东省,21,,21,

76,450,广西壮族自治区,22,,22,

76,460,海南省,23,,23,

76,510,四川省,24,,24,

76,520,贵州省,25,,25,

76,530,云南省,26,,26,

76,540,西藏自治区,27,,27,

76,610,陕西省,28,,28,

76,620,甘肃省,29,,29,

76,630,青海省,30,,30,

76,640,宁夏回族自治区,31,,31,

